	battery0_profile_t0 = <
		0       43280   975
		301     43170   975
		601     43050   1025
		902     42929   1000
		1202    42819   975
		1503    42689   950
		1804    42579   976
		2104    42478   1049
		2405    42348   976
		2705    42248   1025
		3006    42148   1050
		3307    42037   1049
		3607    41917   1026
		3908    41807   1050
		4208    41707   1050
		4509    41587   1050
		4810    41483   1052
		5110    41374   1075
		5411    41282   1075
		5712    41172   1075
		6012    41063   1073
		6313    40963   1052
		6613    40871   1075
		6914    40751   1073
		7215    40643   1060
		7515    40563   1177
		7816    40482   1196
		8116    40391   1150
		8417    40292   1146
		8718    40203   1107
		9018    40122   1175
		9319    40040   1173
		9619    39942   1152
		9920    39862   1175
		10221   39782   1183
		10521   39701   1245
		10822   39612   1205
		11122   39530   1250
		11423   39436   1242
		11724   39308   1172
		12024   39196   1144
		12325   39077   1094
		12625   38972   1053
		12926   38899   1066
		13227   38814   1003
		13527   38761   1025
		13828   38691   1022
		14128   38625   1007
		14429   38580   1042
		14730   38523   1008
		15030   38483   1054
		15331   38440   1071
		15632   38381   1046
		15932   38335   1034
		16233   38299   1097
		16533   38243   1169
		16834   38205   1029
		17135   38175   1059
		17435   38143   1095
		17736   38103   1084
		18036   38059   1111
		18337   38008   1093
		18638   37996   1256
		18938   37968   1156
		19239   37920   1095
		19539   37910   1165
		19840   37864   1125
		20141   37832   1130
		20441   37786   1135
		20742   37714   1065
		21042   37638   1025
		21343   37582   1030
		21644   37539   1050
		21944   37489   1039
		22245   37441   1011
		22545   37401   1077
		22846   37361   1142
		23147   37323   1025
		23447   37295   1037
		23748   37264   1069
		24048   37202   1043
		24349   37129   1018
		24650   37062   1060
		24950   37029   1185
		25251   36968   1075
		25552   36866   1068
		25852   36822   1029
		26153   36797   989
		26453   36793   1025
		26754   36797   1039
		27055   36787   1096
		27355   36774   1178
		27656   36737   1236
		27956   36608   1178
		28257   36305   1118
		28558   35848   1115
		28858   35271   1150
		29159   34459   1187
		29459   33091   1536
		29760   29420   8600
		>;